3,2
3,1
3,3
10,247
10,92
10,316
10,170
10,240
10,122
10,134
11,20
11,30
8,4
8,17
8,2
8,3
20,3
20,2
20,1
19,3
19,2
19,1
12,3
12,2
12,1
11,29
11,27
11,26
11,25
11,24
11,23
11,22
11,21
11,19
11,18
11,17
11,16
11,15
11,13
11,11
11,10
11,9
11,8
11,7
11,6
11,4
11,3
11,2
11,1
10,312
10,308
10,303
10,300
10,296
10,258
10,254
18,1
18,3
10,248
10,244
14,1
10,222
14,3
10,199
13,1
13,3
10,195
10,194
10,188
10,177
10,172
10,171
10,169
10,152
10,148
10,142
10,138
10,137
10,133
10,125
10,123
10,115
10,93
10,89
10,81
10,75
10,72
10,71
10,69
10,67
10,19
2,2
10,17
10,3
10,2
10,1
9,7
9,6
9,5
9,4
9,3
9,2
